670067
189897
587147
689263
164869
872653
963084
497488
872217
901094
218773
321999
942544
350129
184414
24785
141301
248728
979546
69419
975812
929282
967103
379307
243763
152526
146835
825624
780807
139157
305442
641164
479758
562003
720731
940690
899645
400140
727580
475986
547048
992900
130662
420075
869787
236870
647073
915517
921139
901540
275524
179709
202106
907814
245019
184016
977123
427630
526972
88395
394415
970412
391478
110555
130322
436304
390466
737984
251071
587892
289045
750013
368916
872070
452849
380332
107933
817175
917168
607777
146551
365294
556202
99461
176188
970407
848833
151092
791449
38398
957479
864199
594561
15166
328694
869554
948860
425197
766906
620199
925178
745607
34071
343235
15800
604942
358151
715049
483893
706264
935674
596404
682856
628256
64017
864310
124987
837777
632905
929585
77976
277735
480606
967189
791844
73535
561614
88217
545634
33127
187747
147356
689254
29874
98106
982016
664781
181742
991964
460201
468127
81149
438652
458582
545413
601461
67803
417835
69371
901674
395709
104414
208550
544790
563087
949634
37431
363708
203423
39830
895086
16137
991784
7297
310177
296439
497310
323828
499105
930288
251385
351931
177911
684159
170843
488442
54977
282837
56656
572307
734882
460310
574593
758870
411615
734246
734747
842916
917479
413141
118490
39725
213769
7045
472798
263670
544237
224666
869270
471542
531996
874508
528913
586745
901318
677756
21764
155262
859711
228169
710687
88262
488154
553569
823141
739911
223724
774205
989653
181428
774110
972080
485207
288173
235667
200038
22370
437475
290724
821865
656377
761605
962220
492331
651310
321111
832180
878084
363784
292119
955264
297627
688273
879724
349979
23415
771628
865301
367554
222095
993508
838973
458597
367172
86958
2803
491081
444604
82163
481344
427089
852639
331218
37078
983662
730841
370548
159482
788409
985595
449425
85944
932697
859353
15187
797690
999477
796715
713399
285028
56651
170266
376846
202221
411340
14399
122793
364541
779059
699935
675007
896052
19940
819931
792130
800906
41079
154296
642251
570982
81277
347662
39644
839265
945651
352780
819434
619274
324239
121875
763266
656392
214666
307288
902047
330741
707249
452393
430435
256300
763288
725085
416047
616926
441279
288077
591227
735619
510736
712779
561081
656278
393154
16089
725620
787303
795457
100713
50119
910308
760629
317331
332650
252872
281899
497442
499447
243623
949343
573777
934586
804412
175519
179474
89780
568337
243620
794410
903509
947277
296952
677686
266934
111944
972927
491033
844195
171665
321276
535219
859948
602335
647240
503734
283135
774843
448054
571027
605025
892138
628783
298666
606197
550423
530237
309286
701661
738772
532899
944049
517245
667227
925904
151179
601326
755085
46064
163683
224203
746901
360342
492173
128932
921930
546317
741281
458032
169827
746329
721437
693124
903158
777643
540216
110207
646410
874695
508003
930315
82731
976077
111091
837237
731177
486370
720981
688067
602307
364729
760705
357801
858744
552938
740780
250074
313032
928303
100172
495217
668032
921197
9548
579794
385063
190463
262638
334753
181438
334158
658947
114580
593534
419487
330713
481834
221239
600846
318558
691641
6377
682831
298304
382958
203829
267040
198618
32287
112490
270969
267564
288925
425816
677565
805526
95180
557191
948459
173765
780965
442206
527277
101608
296950
545802
133255
719891
186986
174553
30549
408006
497527
703760
850917
819980
381087
325334
718757
366233
653296
323413
355476
569988
624635
682605
253764
48418
521366
6171
846782
488517
694469
166347
275325
632606
21664
927494
93630
675391
642307
511270
208968
113130
414785
262618
667195
432915
779884
336511
706810
149905
834603
294752
211733
541310
994895
365930
935424
910659
418972
880943
691484
698921
372915
969848
618497
399562
410286
53616
733332
24367
94655
419030
399889
35370
636886
910796
851183
434781
191112
411882
119349
492415
994782
519969
799326
981661
656805
674466
492525
782841
759560
203459
511863
708211
6918
381147
777071
238427
736341
743270
482273
468536
137131
977148
686427
208983
560899
209005
958913
460486
647260
146826
544595
523943
504619
797638
774265
676674
89880
896070
625486
46071
199664
688216
920645
145861
521241
776534
283080
93878
536426
109963
854979
73578
307676
675032
660184
659325
30166
485639
736044
793850
247327
491389
368518
870785
471814
938340
381310
955894
979560
675267
82833
700783
988152
275975
702768
362084
210805
132351
123485
713100
404306
382003
785964
188573
667674
385454
577088
352394
740430
592644
123458
744991
902021
784616
857047
332844
792039
479652
955776
102905
567413
866313
468311
802843
879362
917044
359386
707666
998825
649689
459629
65723
100050
31414
899954
535341
959531
362932
281124
39731
673501
721992
557195
542066
244358
323116
163608
625251
456975
817990
199834
995969
964229
31170
20480
95193
948816
776182
33751
477755
112338
546025
570586
541288
666499
427622
492081
335058
649434
24971
912248
400017
236436
926446
934137
444991
25143
523791
95584
380713
61401
713899
239054
715943
976
248169
222860
257756
67294
389999
476819
926292
307584
687518
92720
701949
482206
742544
930431
325147
938428
961998
893587
554259
483897
496549
279436
395518
427969
196733
354348
980446
100968
381721
790774
984086
62090
272306
270944
507888
950057
851908
182604
625709
621317
661387
353186
103738
694743
683336
939119
115637
465341
77161
218675
338270
295003
701649
295777
957283
237221
997994
211490
349795
894372
124525
10873
282407
807532
920163
783109
685549
816661
734907
754474
318605
183210
819740
115920
165206
838704
373218
386771
20388
125505
366879
444355
187513
363044
944730
654701
948135
163830
390797
90604
741221
793764
59617
910977
703134
375028
118119
662276
629590
982182
334691
35436
959045
312880
399372
947895
371212
770631
300092
537649
86198
626369
176591
17222
97565
351223
572613
104033
63061
849959
61418
75236
83670
102278
553838
124060
371390
946325
120811
304644
460147
887031
516129
718409
176420
497065
253613
591436
917809
104197
167654
416934
639450
698315
538796
37406
844599
676493
679246
767636
809144
230489
395224
243632
212309
491978
609183
897800
107328
282045
652046
466454
756445
812225
167655
383975
391308
276390
233945
877438
224862
449994
408825
517331
278366
286692
667650
652137
160756
608827
434060
762960
236400
649060
270637
336118
223301
44460
261630
243020
669988
712313
571423
644950
63148
319233
116
400435
135628
48814
986246
24965
420021
81047
208033
300170
124843
336654
887638
915804
118524
170428
908765
560606
973837
716719
72921
999525
432575
159907
46484
849452
16864
993333
913392
486647
207904
97625
314003
127872
54559
902133
396313
994641
785604
106134
197658
298148
783317
183157
809208
633785
761565
62511
390355
632281
516066
801270
234587
882780
388228
529824
649675
397608
646318
834210
434807
175203
269621
492955
986653
369122
705174
783230
996152
243222
767883
728978
136521
448518
882374
35257
747761
22313
576980
636949
708623
45260
517801
223603
38279
342539
351671
290882
16511
316047
715426
235707
879325
968485
528475
570936
595047
862947
912660
247646
142158
419200
117962
7977
453857
972166
297049
822320
535384
4904
179067
275799
117576
449420
331049
724467
116051
944818
379290
385018
347780
501878
461044
489035
847170
756179
183657
846002
269015
124904
410951
169000
714815
5573
913587
302512
604177
636358
10150
256115
734626
990101
840518
688796
151307
917114
60857
269562
273347
592650
972181
514618
355280
846974
597614
381028
372970
624996
383985
509120
670742
933047
36665
176909
889709
77451
575100
988234
915036
627965
354698
392597
318699
61596
926366
775900
729757
571560
499617
346787
1813
95486
216118
875796
624944
4635
501404
17713
621835
234834
311743
316239
75884
386128
645782
420783
957166
30809
374012
288143
530461
59001
5179
868942
596632
240271
666090
639493
229639
803126
331638
324668
794372
898485
195918
890957
163796
24330
554168
277718
256413
317800
510632
521575
60094
17191
847056
750878
13162
708799
900473
395077
594879
46217
673852
705365
869753
637564
616745
377780
554661
903553
401371
325194
588402
927396
542447
860296
293778
451050
340768
518091
430438
551528
462950
894883
679079
847007
48687
580153
26695
294435
147206
718323
215008
669289
859322
863954
15053
778617
355213
695075
893519
802505
939699
857982
317626
684061
908825
935764
813040
74617
351194
375809
972421
187983
951334
563485
791192
157760
368206
674862
72289
52870
522081
297248
62993
610609
946999
782868
52888
297037
633342
422015
520070
865269
85668
507139
630717
639283
309527
639387
765014
815412
602741
945343
697947
417910
382622
179603
801606
883411
73536
133966
572334
593623
81546
269076
570175
136200
770514
12924
955858
348514
433702
397751
591548
460558
442297
989699
140131
795339
907173
265289
709338
414788
387794
70249
79292
626053
172841
277011
612537
936968
936140
252338
530263
892086
474799
941343
249235
684667
435972
364035
125558
266819
519669
677447
497881
30459
778998
824303
801376
151376
186460
347660
179045
34095
930750
455931
577299
289518
950893
964399
855845
167817
987123
937582
362091
130649
219475
185803
676560
960243
244315
362237
632365
943519
470648
230611
140661
261050
226504
930051
626968
906983
964502
867913
936771
616794
522081
967491
596671
10625
88758
784010
711947
728694
603538
844824
326021
719391
469308
312107
403610
459270
59130
108345
796400
683135
739940
392967
582469
815442
793732
412923
321379
357449
903904
748354
200863
26184
842841
776540
382172
277406
754742
319783
317703
932455
734408
106475
4807
955103
344141
964256
58722
107723
779556
556349
75981
261385
73697
979245
674817
227015
552552
465230
523689
37590
572093
16221
588010
187652
330447
279053
869344
187521
309532
283206
855645
15810
113936
281588
737133
718982
665550
873815
449318
32230
67423
43300
936860
748660
4568
574533
23184
793060
412091
674925
995286
945268
92399
203189
291017
634082
387562
76795
504089
991782
982070
774472
459387
984839
67679
724990
803336
98634
320852
433155
549423
133243
150882
162406
169388
600131
754717
714381
553971
600584
460977
530544
424553
37626
340823
915860
331633
928366
798534
334670
385644
122484
715951
911067
227332
480830
723926
643327
819869
139527
711027
394948
844654
986406
401310
848838
791005
821690
989869
15992
598889
88711
820877
487670
809439
716387
273262
453280
461575
456748
458056
627069
307522
460822
266375
911940
967055
262041
155365
766831
992267
786917
372761
427481
884877
555861
130295
550517
820686
121211
492401
758081
87
995320
773927
269844
803257
73555
962904
675195
237943
658644
379776
86092
369568
517826
731446
283943
409245
922480
10623
80319
67029
541192
277620
18077
697064
217442
882126
131689
846483
352024
594844
861751
911254
14507
145712
811831
578151
902136
426232
652521
636079
22160
809392
798811
904671
489431
930430
884870
487345
837117
173464
499337
248686
70591
408999
168533
3590
498454
646507
189394
837285
191742
502355
883707
289823
637302
277290
650031
124141
997599
917645
282950
75316
219567
617714
61497
475256
717588
372579
873429
853257
733539
667167
180534
663735
130849
851853
658279
916778
816796
954440
318877
518108
299812
678184
473940
468184
508151
291092
101600
815197
848932
210118
493040
793655
693074
477117
215292
130738
369526
94662
524891
851755
989049
576272
57559
634325
432655
683528
867251
985666
170012
687864
864439
501319
747149
844719
787641
125196
796293
211025
528468
282783
55067
316561
309135
426272
109840
238990
35553
432960
708490
993780
672501
22986
140246
307090
540019
83807
591321
768526
29312
925009
171851
715207
750762
528323
751136
675103
924131
366191
637675
4967
961191
953135
383967
790983
454185
543436
41554
811143
446354
323395
220901
301163
866356
354767
453665
168948
419993
628422
477854
951549
205075
684983
191800
796656
86108
768468
343083
126974
64449
654425
446867
356644
45541
528864
568346
393879
456362
353266
781603
542297
813781
722963
213509
210276
613436
59409
626833
219615
107635
591278
985415
582256
910047
922140
884874
130664
46394
914668
622344
876929
924483
832912
738084
110126
433795
896
400937
491090
183971
864884
824186
587711
783781
421056
24567
291604
838746
644528
525369
430021
161688
211633
259606
1833
338388
621727
432174
997380
973667
237126
952455
230776
791388
133269
346896
361959
106458
677197
669701
655832
113414
15508
152861
997398
713934
932805
846599
132362
738332
477663
905312
484563
657860
410475
729783
666390
889223
107716
474882
783889
929558
341991
591602
540978
254597
608986
116130
239135
289619
68053
951466
117039
275993
159721
180814
466615
151151
17400
186937
276575
4885
430690
189783
915762
969241
874816
980627
424535
734611
873429
199978
930923
512032
889001
628888
418083
127976
983394
156665
459212
839927
853170
681277
311217
437197
558522
401951
77153
689649
283162
388718
623885
902151
611274
518610
334422
832091
672408
263681
157073
662901
438379
609498
738220
479984
274189
875089
74117
536038
978141
897005
79399
585813
662136
943572
431348
759729
963105
945075
634935
411736
724712
204467
472550
59113
31252
716421
3346
407162
150540
377646
551530
422746
275960
610317
415702
600579
570164
269647
734133
982274
257857
948103
366569
138484
603918
954204
593945
794342
750233
681095
427246
320498
761616
341100
477712
600939
957082
264480
142899
821075
894812
264663
460709
584737
69929
227189
480325
267672
473929
58227
925191
533555
57637
712395
555905
893958
111871
475765
367206
877409
48316
919600
978406
849647
433867
320079
430853
521904
629807
910073
971582
353443
759485
746895
91818
159537
732481
393435
269553
735638
129787
196157
646845
720485
192699
425979
823606
391501
583645
13304
355728
696962
249514
862475
524070
647390
721755
378855
161843
115196
168222
215529
819932
888676
213098
234633
284818
34248
14504
773029
342965
668851
7849
179323
586338
217814
584252
329786
824537
58748
865712
604921
726977
802330
527632
478151
976276
723874
152459
899573
207999
524420
97082
384614
843983
314555
96576
656460
429967
479981
824223
965623
647965
948167
203081
208729
599018
768817
218854
895722
296188
431131
302050
270179
372815
410193
449202
813976
19459
907939
280833
852745
145155
916154
892886
585607
473925
822279
701256
560362
745405
363340
715244
426167
807400
955512
362241
83896
853686
159769
709698
828388
662750
246309
926308
304630
257193
140857
256742
144686
580894
534927
677058
929483
692362
646051
763735
197176
388765
774009
611427
233565
194577
390547
402309
861943
339306
373049
609215
121539
990921
911203
34806
839715
259550
910432
334725
4449
384321
409505
260212
776670
280187
64887
664234
321450
852603
682495
312448
163433
415105
728373
563037
615523
610374
160010
607886
653569
500134
728470
827798
808439
952182
629750
779819
695617
499074
40710
851672
433065
133945
504769
84481
200172
659941
923008
357093
473696
841456
800415
529945
277217
277629
569136
362984
926478
877187
152421
780246
924224
839128
286915
167341
505355
838189
681261
844569
162012
820417
156334
336044
745038
834319
168862
819208
155331
658163
625799
602753
34849
259349
242285
857582
645518
453023
620188
421926
930994
634663
119101
436670
712337
687945
293472
313799
173552
289448
375569
507852
571198
169397
73640
6718
93517
731385
519023
950295
843563
11005
880695
767829
57393
48474
903309
284920
177819
680042
452033
486990
393901
739187
653622
686834
22980
421783
932550
867566
782988
554834
466157
409922
811940
37502
639337
684254
49322
546580
221225
410665
249411
999307
480535
115919
538621
309892
418662
339139
249606
943535
509793
253741
19328
197953
719375
763421
781646
417352
439741
342108
256606
725583
909568
49142
885073
117103
431686
794647
152815
776216
767578
99783
324778
70410
69707
756205
145618
151831
669207
947365
42726
584783
617514
519727
807506
723298
340884
758606
651068
295457
274482
615978
801513
818151
107419
898734
755135
27082
495837
629542
44295
45440
23638
713159
941957
180711
523421
322647
19903
249382
399103
198230
379988
831366
175117
141233
800216
98588
603167
650815
637368
872184
212868
379540
48343
586987
49455
773467
40855
434120
487321
95860
837975
191725
501690
839805
265871
728936
598178
204075
87781
937102
502090
792722
27768
558558
801621
861716
758583
663439
232878
844723
361862
161543
906178
366955
95903
833584
179916
645427
121899
183366
234464
277780
865230
417245
507848
701838
744455
206165
969248
369615
780008
975536
361157
773636
173091
61179
221665
574716
862275
862876
311043
794163
599776
236441
540678
610663
854873
862977
593984
655479
423439
246266
498546
883483
494400
337021
212810
503207
126877
365970
607485
408809
442064
71442
132009
438105
532225
946852
859631
460430
885777
228763
860765
686905
557174
108276
536548
563795
44955
109904
343212
465572
128013
550007
816107
601492
842169
776011
392414
197334
252677
662696
803771
549031
622775
347095
251073
861928
622141
105279
240895
421709
402963
556222
671871
220058
231783
790777
752942
677483
808166
657419
18917
722518
474934
198338
636745
878340
427697
599912
918713
97628
110009
791769
460138
255685
243071
190690
931952
436820
759789
842598
499155
444970
42376
363146
909193
944758
695065
956915
493996
961519
624871
166313
887764
667398
385047
746332
895143
656640
275405
711856
923602
356748
337892
156068
785995
539264
265298
966273
226363
539909
652936
726029
163869
112163
58156
345743
748873
548120
979835
830913
780905
435438
494364
891874
955902
134243
898872
717547
152212
720245
727207
487185
285267
645998
183710
876448
210422
603051
449069
875474
309412
592120
979764
61646
115668
861838
113125
787785
710124
631814
553692
858528
78912
252751
809750
511907
466568
364582
437580
20986
721551
542073
104769
993830
974763
901485
336948
69295
904196
58968
738431
256447
492112
932447
250935
140136
249534
694249
821353
227174
666096
227978
777784
305427
930290
668790
989870
350629
467220
34266
210451
380736
45111
867557
25018
654867
665122
873719
621807
146703
396062
95516
180581
410903
375186
534439
618396
408414
344199
719124
743840
587320
779985
102925
501608
394190
684811
636322
473330
950463
740681
689780
871065
662476
8880
451095
399793
905295
748012
353631
189048
836751
224443
852284
579845
12762
709334
252310
619284
350269
246972
988473
993842
203515
49618
360343
782262
866990
439651
277968
206125
340196
978816
232189
455110
330721
925506
506000
920916
441605
524046
391830
622988
558242
574588
694020
669737
907178
597810
905166
7794
702884
694043
302114
643850
680848
351636
683874
663675
358233
152386
862411
270946
288690
266543
339907
656833
273644
560398
949771
125583
244690
185886
355499
867014
207977
652441
115363
544277
694406
549892
599627
908157
259704
465727
301849
490746
48179
525776
215462
688941
969054
587537
175270
659006
86099
87664
406983
392556
209451
69122
244442
472098
464180
235666
751047
409404
795622
520177
722928
430606
188251
752305
997195
102156
994767
135565
564501
213939
870178
113838
29034
585756
562260
981415
154240
280756
801840
435583
574300
242421
571905
632786
327466
456821
89885
14030
543849
199333
580468
334658
303386
622652
640297
414459
137965
770701
249743
239637
759033
777506
459958
759872
737540
994214
13448
771678
401845
549888
47011
867967
613539
467183
905330
136883
835807
627049
101405
511318
104023
704651
15062
36303
654404
913280
570394
427152
601349
982955
968004
421761
218113
193365
481608
126634
949986
790729
567335
258080
165331
560755
201958
912398
600370
514791
62973
158883
762359
35972
235653
489775
693552
208110
524022
395198
899089
460845
868170
988758
382040
155998
523944
983982
630788
114885
206196
124735
182855
891452
39410
293606
204387
315495
896029
492487
285294
129363
336362
502459
569751
541584
511084
248187
302518
903640
163038
7740
274186
157322
995384
150795
350501
295962
312521
173149
968170
922382
234668
827467
73960
302130
236467
797363
17655
852241
276523
155937
829066
987428
866650
987586
177536
834475
642103
244480
952895
580990
768756
116797
428112
59834
224231
137441
881207
960841
676919
759169
585807
680049
176977
464649
6943
366856
748944
376727
368077
599189
349793
276567
332993
997736
678554
930933
891518
127257
366471
831928
311893
329439
299991
34198
811597
184743
979774
981578
558704
365678
694167
585476
760920
387845
668186
105694
378796
365887
875116
978148
315174
975602
411805
713843
26954
353672
335795
593756
476565
660551
199787
818055
375929
768554
118457
633609
684253
578630
487848
646065
746935
269289
961623
711230
693061
511691
432095
33466
914691
226686
528754
582051
833005
239040
598360
168549
312884
733667
13207
666805
868967
337967
227638
944460
634684
196521
154456
958868
388511
979296
61805
287321
224333
126080
598876
835790
496862
58865
648672
283583
451183
90925
540701
99286
119863
55788
423828
231095
433259
933836
222911
194281
646497
739337
647263
916606
673256
338260
365765
200589
41698
226472
210261
188109
376160
535771
86714
737826
776275
376843
598593
287115
737713
924112
860008
506598
730302
560320
458383
24021
991974
576562
635221
232255
249328
197794
693056
178273
779423
943716
715343
332918
652076
127261
741265
549344
293504
151416
555843
9739
247437
541356
220418
688082
175709
451390
190567
902122
226701
310020
7646
285220
196812
211691
328387
201994
130999
900044
647162
801818
169299
438337
516143
574245
241851
256462
91163
789809
753188
795002
658401
727018
963225
310115
956210
557590
895159
417219
816950
297169
439223
472129
665177
793071
160969
93866
230588
409214
516272
173556
739927
553289
510975
963037
553078
66743
559717
372399
609398
113421
221458
571530
437185
729517
167781
885025
929080
506919
69330
686285
606316
418972
343776
257248
885362
345049
923437
726224
806820
765190
246646
878826
962140
345220
205272
808798
39952
135514
240741
316526
752148
499667
572836
497199
41392
607588
163064
469343
716778
85250
937680
857340
257944
425498
669389
957349
223493
367690
228542
98068
247526
209782
347185
622243
622567
253943
392604
632613
596532
843130
372269
655755
404362
626192
192497
703772
413635
925013
42123
793410
97854
601417
228574
179196
537249
489241
81252
666568
71789
106334
648206
128257
107702
832681
10615
438797
252103
12595
118160
24084
658312
764982
203980
857813
333409
891853
711121
842044
168510
607893
384633
81528
144594
529032
8685
703620
822220
877471
893538
663115
335642
346502
905890
537586
156324
22176
192164
579870
536501
385881
57031
623828
358476
407236
41404
10060
635407
140299
125926
384181
676532
912353
639043
702678
890004
118705
296635
358757
515520
267960
19790
6825
629691
155232
531862
719753
858500
421967
141401
73164
416913
860517
694134
237691
497098
871922
220194
725358
704614
684723
64886
478033
700806
976545
357304
255920
578039
453114
392179
514712
274533
939341
641912
333994
432021
481095
221335
6885
513196
936659
440296
356397
1033
444035
51138
773801
884005
153676
964803
257532
490274
208638
481691
807361
459446
385425
320663
162467
848479
661579
49987
650359
376964
597591
979444
929744
169872
196223
721307
221297
153219
100105
175487
394859
306254
56246
485081
452216
822857
700097
450435
508922
716172
69717
663312
604962
529328
203723
610349
837551
19362
861408
333937
833689
248731
66914
552569
625873
903029
807120
410122
362224
608852
452277
825503
350819
684097
364472
171748
555866
240067
51304
896005
524758
167369
614105
449082
880188
200211
651838
793411
729606
187167
103187
540073
525149
680313
482434
928348
260251
572879
47151
424682
30265
784959
308390
402313
478107
466562
467985
581193
159243
642660
461784
135466
689762
467512
503704
816972
748570
644974
61604
848898
73541
418160
954129
410489
996051
956920
705605
851708
252144
694028
432143
124897
294421
35813
541896
324710
552117
149609
425284
157200
823356
866581
824081
861585
363033
669272
707541
172400
427459
229231
697745
620151
802993
612226
993465
68269
397414
248667
59364
406070
341833
501597
112762
742432
880130
966192
558692
964447
487186
917741
610385
662875
28263
877547
248928
601402
489012
820061
389725
108100
623989
955791
987162
685705
494844
1843
983986
651440
120502
399061
263378
915709
589796
537683
969277
905221
710523
432743
593684
851903
394033
671961
350557
408917
35049
819039
301461
775220
338115
386287
76186
820001
174651
239346
252639
53453
347437
477657
63805
800788
320170
675651
261374
774673
426749
960383
168561
607399
513745
768712
122136
440858
956274
292543
210429
133906
613535
154616
31617
315993
448798
854417
611494
683888
979238
629844
587511
121798
218182
497225
414054
473338
537900
160760
98090
368846
729912
949730
493292
162804
982705
792625
737813
823656
890013
404502
127184
427223
627654
532861
410115
612064
385380
763816
973024
683454
100804
520050
273859
896580
90683
216192
778603
566421
737023
498852
188863
403918
821400
115635
634345
244813
381132
188096
405746
494663
354399
397690
49664
872798
169242
283113
718562
97479
197801
231608
500363
566771
579822
785647
873651
904144
562651
134633
811067
815466
999387
900543
384571
717681
437418
768895
780041
261984
14874
317754
835397
141524
699128
465946
717686
995264
817450
722105
397158
633110
31879
756199
890358
341071
788019
289791
486624
978600
675745
780615
953695
603891
779321
875061
764928
442312
665814
724823
615010
586918
811344
505026
961483
214656
975029
396186
337753
397175
770144
512421
514632
946127
966865
66117
362210
884077
871052
829387
158447
93100
33874
725968
547953
883420
55919
950512
455066
259894
298814
887443
652828
213822
886742
757345
691233
313345
436621
74817
455195
516244
545738
285810
339188
961089
142251
864477
956207
149155
309750
67004
886923
918539
400579
876672
53192
503278
590263
461368
796711
552523
720333
481454
600471
531700
858288
741235
862889
162935
258262
57386
163520
522569
443664
719037
705280
395245
846270
275564
597731
164541
150122
937631
142411
992754
949699
325253
722613
744247
237958
783361
568184
220702
853011
496996
18747
732920
250603
178189
701933
451477
341387
815132
922582
220459
277852
389336
694839
957346
409143
899050
260322
494893
635770
46527
68155
843242
256292
899636
762636
919830
824239
191506
316338
43059
894101
236385
274078
300061
378481
769314
858337
151431
525526
573656
391556
497219
769703
590873
318373
376450
44877
654267
779328
561259
537471
927159
548814
253216
889063
92254
69963
739341
665299
961582
504895
28829
226462
532909
575061
819606
346661
5372
805892
1628
850618
410082
994582
725624
892880
739949
583784
373216
949410
431205
770937
835157
855602
70616
134676
141759
51071
373306
359488
64261
243114
299571
839619
799156
395078
527483
835601
356479
621451
728630
765258
747252
331585
331643
539994
128671
33832
186662
491192
968312
193334
292752
104793
364848
58446
915147
193323
324281
934858
977592
977184
670450
523960
69467
457996
731441
101301
460565
169704
90184
579661
232326
957197
752389
523712
138610
482948
756256
951172
533565
125925
77913
292015
175522
761832
182226
291382
527091
396598
598027
402309
819020
367110
228549
337317
208827
696567
232675
956269
333678
567812
105106
275967
199590
542390
843184
868803
397413
41609
392593
278358
351185
322908
166709
671426
960987
326187
840689
422557
951778
517769
445443
679829
394061
2907
755631
245253
697450
320444
889846
693333
795416
913726
811452
505833
352902
622105
718492
424591
353844
889962
112633
486099
619244
582648
191031
688578
344351
913886
175576
914995
788472
620458
515938
176134
889999
325937
372308
389630
298955
568084
663132
464418
324195
303957
577652
88960
37932
629963
939578
110170
945216
243545
33315
247537
711526
229495
978912
310764
404258
255930
797269
443082
792046
410576
784910
459695
12573
499316
951745
11097
865183
501835
785173
469239
739154
50579
72198
320450
284539
568682
199615
616732
678796
488176
395332
987298
650818
298355
195836
477841
276828
378759
787944
532377
348054
178660
36473
708473
565675
259768
89787
310558
977920
377666
160591
823852
213052
63856
734958
912380
652369
71753
494466
444694
530576
99188
248664
216471
865478
667298
981136
382417
342776
718767
74875
445711
753248
49056
868853
830192
247289
530705
369449
167159
83369
965712
891056
961661
970403
422928
764450
156612
634368
651235
661854
338907
34871
414762
677892
390986
411300
803252
216227
670244
568261
550792
172969
713654
60364
453582
282807
889863
204167
149324
874070
211682
589983
528290
635695
701124
262336
241934
681722
996288
540533
346289
347999
407393
472943
590692
147326
576442
535208
104218
141216
860160
38312
207297
993710
153067
28517
32104
482069
245975
238233
871173
973550
811920
715831
262685
615555
856697
501140
924346
359354
600707
652670
4840
788358
19530
678115
363457
241049
380973
265645
812990
835290
387373
398920
639397
555295
218192
971434
512907
260162
32445
879776
433090
421756
334758
445258
304853
117774
47460
692349
738630
69871
996717
756943
676845
683489
583000
337297
203414
595899
516257
706107
708616
266637
124905
847467
955964
137806
106310
400398
631237
167115
214756
165234
330240
603953
205846
49746
566836
390541
501133
922435
41855
229098
909376
72125
713117
406963
456798
196023
747843
601132
378325
141260
819265
216364
959764
424668
337881
575416
613359
187270
795289
949636
315665
726050
220956
217935
956089
64358
538251
919556
858697
580224
406077
768421
713788
703380
876397
319107
507817
373883
73876
437929
562565
514687
365833
293315
316302
349574
491350
76837
660155
62164
118769
998786
50317
974913
619029
960321
149606
706195
137372
936610
367838
809098
832161
822960
698144
835726
890150
259957
215243
419648
404719
434382
95270
744556
795357
132605
313987
300760
738354
851116
37179
869964
481384
281228
362161
428553
267917
101741
966577
677064
805434
328326
283341
696167
428083
399882
621219
733405
757880
938235
951092
466459
883897
317106
120916
477127
567382
751413
843709
133940
773944
536860
41661
937370
524560
915079
46444
177043
176364
919655
766775
963404
121021
272147
694560
848414
669267
716182
717416
735915
671996
398481
524762
796570
862232
302587
411045
575906
135892
951744
49599
715019
103162
800292
157858
159862
872619
674904
728907
909838
792776
433057
792576
342387
415477
376746
862852
102483
639983
422523
739976
241271
470399
158627
241104
33669
452425
312299
173449
259888
946956
246281
138826
990927
792277
58009
855577
149054
622529
684365
281884
686762
195202
475569
526390
588591
874030
174594
904975
736562
276930
901778
219709
295774
305352
921915
406826
341609
255850
587546
643136
709307
666869
666230
670167
906046
704859
325926
720778
397829
835916
584872
710654
523524
977332
521296
126837
754735
597930
316694
185696
616103
928365
563251
49096
537537
759955
221086
343528
785959
774286
656811
232949
158677
246305
197247
705215
683795
357936
568254
123656
677546
910986
138327
98016
501842
609624
360367
461784
166925
901345
281899
838138
119269
442303
927087
257099
346662
520489
101205
808991
836292
90324
856042
444656
866291
645556
66044
363185
419119
444958
563304
326448
526197
683449
18215
261766
685409
313643
690963
531067
919351
627909
507656
267536
412572
691184
917680
843647
468343
644626
890327
383193
119368
95622
738088
990995
919138
255882
114000
608693
26854
964541
162634
928694
257986
168649
138263
282960
921518
272418
406807
622140
449455
276537
625788
154894
786107
70534
765932
448881
810919
901456
910558
162520
348311
764337
426736
970732
370163
970602
722702
597937
860741
390167
130304
324590
653880
777261
63198
820734
682758
134666
781200
316653
275750
651236
602614
915619
485956
450143
683147
315009
912464
958308
668080
629461
540999
204474
647828
767953
720135
801111
194845
542706
716423
477482
85796
885762
843577
975829
418426
980847
844681
105312
162609
553733
114844
15667
719217
542909
741529
209970
250840
845092
131732
333567
221791
127552
424183
255523
436216
910991
699531
963946
47523
385671
36464
357332
112223
207105
627004
35432
21591
213267
399411
371826
195413
517653
599110
782203
663171
601774
333930
463779
611695
513368
718862
190229
364540
390802
356480
691753
997470
789113
535186
901002
510281
336556
938115
462462
3776
709579
545855
431636
672297
221858
486480
630403
502719
573525
566821
29336
841675
327269
958384
687860
37980
935964
497625
979519
271049
303222
218056
772627
118823
511189
505722
173413
446565
293225
530909
382064
936269
366324
414088
397703
509536
865551
14671
213863
315499
714769
385884
403660
325733
27522
449982
189578
53631
614824
316321
399371
810193
168023
604580
523885
122793
273874
780239
711159
585676
473703
933176
7833
777340
402028
419874
819373
730496
880600
242133
672529
347618
322254
350976
743358
33791
797333
296738
281017
258823
320056
252857
177286
657075
98390
848858
755166
720488
243497
391948
726714
489056
961558
890734
15961
94307
118703
31314
466244
893974
730020
510768
283569
878492
555259
85262
733550
20
652381
85631
173492
943937
335802
21644
697439
746489
295161
439838
601815
619137
693595
234967
994633
971919
133680
797362
10587
997251
982753
369717
446309
646769
856126
517970
857479
235988
483672
66739
263896
854357
572995
609062
610995
141798
578188
980211
695747
198018
150255
92013
913227
828087
259256
603304
840778
362547
694179
576946
6580
400068
819616
638511
963158
808613
873167
229842
580484
346895
652422
830140
358537
51985
515530
406318
963812
234369
406763
963463
1061
114752
970005
877929
935608
10165
78109
721494
563681
684516
281607
468338
335898
205945
243307
120861
148239
853759
268760
99121
226231
252425
909640
402780
997930
263060
511056
823033
809780
983611
333812
801985
503017
849347
150020
775892
768194
8825
720982
985516
754704
673436
158792
531936
895126
421735
115795
529469
130153
120864
498510
863522
882568
205888
622949
982184
245868
649071
317544
717818
949677
329292
211802
660731
91856
981222
823077
976003
816191
686134
965763
79248
702861
476352
722821
349206
528171
233830
176751
259219
870235
466235
188757
828487
369275
583369
388702
287887
770217
292783
487384
553008
655381
502139
129049
981034
703144
497750
882028
268169
539757
599078
128643
285044
245836
492875
712854
267523
662040
947852
800214
919885
519016
824150
885442
601427
489277
177267
370462
373791
38202
857065
966164
498140
94495
454936
405063
63691
347393
979625
180644
63757
992258
694809
16120
29599
55048
886689
851698
828449
274424
194210
162129
845206
209191
638179
265725
523590
614095
783091
507700
209955
500070
11807
345662
441295
402454
528926
160052
586825
778129
594137
172452
377751
209809
581345
248600
882152
206621
38966
671801
568575
509311
268460
847333
524661
702397
475198
104596
677455
863002
991479
253615
792160
226942
236425
935121
889299
367634
1979
834123
357420
839144
466789
56522
451149
514151
114157
406128
422798
883666
125862
255852
151674
192
775765
539868
452197
264486
176599
26109
591419
993374
380949
88053
646587
32220
387627
583114
884748
15523
171271
95597
979532
215028
908576
168007
485709
247567
852473
761303
249776
812625
60369
482442
959743
242360
94516
153869
130452
427134
236343
896600
589662
59198
961838
619293
120882
981257
13937
225953
489182
320408
864453
387557
492769
390472
715718
593676
799495
910239
192338
121632
95914
72302
466054
149923
36325
637805
69040
492145
661786
36491
992935
669778
813200
893697
864821
138505
957570
827780
77945
476782
116287
680680
889849
955032
558249
652235
611922
851351
955850
212573
536065
917787
690661
349687
77208
737288
545933
223591
109735
822091
827435
147990
468316
488649
570908
216697
249361
571317
372052
173685
917203
62576
702665
143397
963838
266389
473340
902938
76445
262692
882136
601913
720298
510901
486454
444163
357383
62934
314189
654892
779300
547522
932842
46106
984546
945788
957999
74291
572339
315632
149825
586615
116126
663225
621886
334570
544635
77381
877139
904765
87604
891266
551740
308463
172651
672968
298910
710880
42876
61756
528551
410960
939221
99473
162926
491650
763097
238359
800004
740274
149819
294991
767130
195104
497337
979486
562531
671982
141568
339435
334435
587374
110561
830172
511849
862458
259940
934094
33603
512270
428497
962154
113855
419655
26208
256640
844271
568174
261653
485993
38901
351480
253193
535918
454416
138004
540663
602573
95800
994531
619604
134797
194068
603136
4012
807824
395490
317451
374585
488585
882262
207431
942944
33493
869847
300428
115977
976359
342564
693549
799934
546604
53357
184670
849647
588365
770781
951600
164480
407898
649419
158977
115698
615648
998051
60475
43906
396058
953897
164171
741995
98273
977405
530758
881098
727210
609839
713764
331432
835577
103923
89012
175039
946893
324190
850516
465677
785973
888392
120694
186168
58544
576776
497415
571244
930293
249310
685903
945293
729603
454770
21904
661381
571719
646949
622725
890216
362673
96592
671417
453355
787267
472615
447684
841951
857291
660120
834429
764236
155864
167822
96602
676543
646234
292327
989356
80051
126592
73527
732285
154533
86958
644751
489776
537656
598412
700866
647597
739408
701542
440507
460578
619920
377910
295421
306677
964414
381780
888007
502436
352307
83221
15248
459386
116437
538948
186779
889544
419512
675681
659558
736311
446433
591489
667947
502903
454539
650401
540596
872626
371553
489253
361715
306308
869121
306946
836582
588141
829917
225123
396476
812839
236644
32009
805830
257271
361303
352906
643219
270511
129794
139757
227191
86876
610008
717717
24323
733799
753357
496092
974588
309375
359451
227208
17660
850021
622766
453808
119566
732535
68222
736520
729516
619135
796140
253586
491206
955463
97206
246817
123161
529934
262272
391358
693276
163473
291127
456237
732203
618597
50346
362930
680101
199741
99822
912268
356754
888578
900070
328730
205323
769398
991873
840981
458302
919093
702674
650302
468881
15758
317083
731626
180098
827882
577299
76705
360089
185701
299025
675339
758062
482933
163169
181517
635324
5357
196390
136310
357735
269618
917988
791514
450213
542678
731713
466697
990405
735154
145303
509908
596786
682804
11962
51074
57110
913469
270771
397234
596751
739475
915390
574048
548128
288901
843388
575698
6500
242644
873175
57247
826437
166787
916550
256302
692644
416730
154832
494016
93192
111062
487134
829513
26715
985224
940782
907860
886720
286275
299816
145006
703781
747746
138005
484037
370300
985391
316286
900704
611824
128571
609028
529839
884828
494073
120297
238746
140999
411891
558466
846568
751305
336684
881477
94836
117896
14504
79698
20874
74455
758656
515929
562679
857074
977235
432315
482639
862709
937134
165064
823616
304147
67653
196176
987932
938299
810125
604458
608887
395440
889125
721671
733437
162650
789582
514999
584464
657530
984341
351210
86035
578299
405813
473565
432198
111978
163211
616624
123995
919489
675881
983634
713485
97784
363276
915563
230317
496971
599432
4171
977480
780687
543272
626618
666446
591841
274221
303479
917812
941168
706175
456724
460885
701297
567110
638028
487870
368687
497801
2245
525970
900177
699924
347002
119542
657831
745518
654120
359085
392167
287530
101986
607056
840608
442402
656942
726206
71240
870089
76656
458028
44925
456693
499534
631369
523375
914938
659353
255917
136695
826492
556438
56051
950389
587560
317221
713654
541008
85281
792484
671333
883800
827116
178112
783482
504974
829339
490595
369990
37412
538041
389710
641571
241011
936791
118434
646210
531473
892652
236798
210805
263040
903426
534728
18459
240273
124571
396649
715737
365685
99212
668796
358575
352781
676403
185667
212524
461591
536181
296785
68352
51739
661892
108795
283440
177802
567918
596716
74399
933441
54970
334106
494307
883194
388189
328481
496530
101759
204734
486228
501732
250403
366571
269683
392184
677610
24727
828767
601418
688103
476275
790346
373240
967955
739436
769372
650875
838183
823436
32556
1884
565392
387241
985684
140250
808524
401239
79548
903827
706511
305552
219728
509509
241674
743388
985361
983879
323106
594826
617198
306637
357805
900521
989752
725174
571398
964115
928866
407993
853279
937461
674038
815127
667824
26679
903125
671778
639510
853401
324879
398180
770613
160623
849793
795003
343015
778744
645486
682605
202934
463800
685580
655990
58114
503772
259915
263610
196796
660806
659778
210420
982520
761285
859339
709241
504154
1429
523870
857260
355408
684153
899099
778430
794225
219516
106885
140302
18713
300202
819256
36140
843936
117903
191136
911854
553124
863581
579198
982652
22350
873700
934724
737316
615685
305868
555665
604535
87790
380187
555056
688507
54894
707007
585176
737676
246957
612499
976623
687365
606653
309416
504360
595907
97015
708726
254279
123662
374204
316442
487796
777003
708329
64378
613925
134871
946647
69688
347376
560370
714053
352827
447650
252594
550503
376187
731963
57248
8367
894862
978170
457087
510410
727157
828357
808621
350746
9653
79844
531088
176399
384436
479735
432875
725589
370445
881218
712644
129398
863039
243342
416345
193678
181717
903483
549622
206820
719108
98771
219945
942417
139868
396204
291265
714782
18901
937822
825788
250029
747178
553920
353003
901634
505618
875238
894161
861224
848092
344486
100838
370652
495715
544334
6323
939753
320408
873912
88594
860685
922477
139722
439879
225569
708537
532126
548060
875226
826982
97388
563278
541315
477090
427778
885706
375908
661985
537955
725360
179936
489478
660042
573991
120335
516268
839794
272247
208375
32570
470484
89036
118918
32841
293326
854839
474892
807551
592791
372798
29981
646458
808612
248245
715095
689307
960468
57438
431038
8064
89048
275894
856017
521648
765073
111089
432788
522004
384951
858039
705581
863326
719288
619383
583600
658175
536815
181042
142541
811897
14934
632859
487736
831761
234824
273861
389671
285395
707664
865067
738466
934669
464575
617401
565761
982606
419046
982233
472184
741751
131540
152641
625019
334139
344922
686358
914045
210867
496824
567196
990050
118201
306108
478975
273739
962400
21225
944999
185565
224377
536372
462899
138656
678223
823910
578627
896268
659134
675132
230417
735217
785200
737151
446631
434055
978161
309308
98915
271825
434310
707150
920978
682703
603692
905067
692999
663258
310037
349909
780766
116040
865732
209666
515423
834519
671935
373952
614300
334019
835311
585334
265529
578031
816439
188389
480384
796157
96932
71664
605756
419047
409786
623688
36264
132236
112274
404359
332345
645791
311230
326951
394940
292194
259384
150079
570873
934497
4649
989538
348712
890809
748535
639631
631578
394867
141389
530119
897172
869023
426533
384932
602380
210864
347192
208870
324730
282337
740501
375519
413489
164729
731012
338207
649134
804791
347284
868375
754207
240911
663161
775333
335863
903822
104541
886518
108520
932833
729392
992199
517293
857458
580189
433451
252862
381795
247535
18328
425578
189909
485451
774811
485781
310117
712157
607253
5795
826647
769400
634709
677955
759723
394322
325393
349794
698525
363494
344788
421699
672435
143601
863867
236730
162195
261110
880998
942317
833565
276172
930318
551115
645229
418147
964172
286202
348525
165976
59999
599353
416517
473738
842688
532687
769839
381477
455932
356626
660261
280745
631098
615794
745067
80790
863472
170917
172498
673266
507500
983217
411208
173630
911047
584784
761386
606170
189486
85716
227440
510317
706463
500796
777791
389526
721156
450154
471113
567064
457205
113344
671074
148090
386752
968852
524187
949052
511837
949934
787026
494999
706004
181116
659120
151092
571635
519794
857815
684054
376258
552657
899662
248226
109211
61653
938731
265246
690039
578270
287883
735744
994899
39115
913256
75253
923704
596189
817975
815138
803522
845996
576775
860616
287129
545177
994616
566040
93153
18679
717267
982265
943737
360906
88468
546271
240526
773734
429419
441093
833236
426090
878068
444391
932443
76872
1498
381015
951298
688165
373746
61271
424573
772186
621950
801532
691638
68056
377421
47028
890130
731784
449605
896494
349840
557858
48820
833556
409076
912389
980761
43770
614393
261512
564350
984224
892141
98391
425159
62886
611503
310527
401348
960138
296998
182699
925033
990309
704531
591962
620835
335460
402839
607336
778361
725207
547325
509000
917239
205444
692056
979117
160725
728256
471842
296603
824618
924155
866339
869986
929788
89945
194682
53819
427247
796144
726423
884904
713924
651798
777989
707770
861585
514104
814722
687749
695511
617682
413903
79725
819272
261651
599954
573731
395633
705652
467939
293396
961796
769267
529615
189785
729206
321632
734967
121264
307800
143744
855436
68001
320503
908889
665084
525266
189723
105711
231973
460812
282918
549105
364108
647618
233375
457271
75799
788684
352484
693106
306580
352945
409673
736527
408338
338005
471649
585539
140424
688544
271230
627495
364404
64907
774912
544330
792250
84112
619727
250299
442094
495694
495134
612628
66654
47706
426640
456149
893923
859825
490375
733206
131483
516691
163615
641521
278281
426625
389153
199946
651890
847853
220986
850080
899864
601591
787833
926619
555576
784909
451506
492763
726879
348870
66375
429308
966585
54580
674163
882941
843036
287576
843279
935590
531437
654281
839007
301455
956202
335346
123588
795354
425108
601153
178494
812504
838702
432954
845290
924761
174748
78526
534935
231397
607925
449813
965518
328431
918414
437157
944658
916985
560977
808914
792536
259848
36121
677249
783152
656167
456106
34487
421970
251668
985216
680670
233027
170603
504698
51329
417146
921641
683215
806208
949075
432128
4664
748149
618977
38122
778496
200828
431573
606116
130862
534813
634567
27126
912658
131935
797979
573189
92320
540187
735788
153369
381685
966187
673927
546455
24392
862864
252246
917213
389388
415422
393553
329459
803461
474724
63140
874587
388563
73644
160914
437458
663735
355900
884327
28013
74963
284387
317809
369153
360427
118189
141375
376040
224151
785954
100196
219262
53468
826852
844370
721285
379229
89957
231296
389165
271261
892974
6392
472353
641676
291420
555159
719896
730091
999043
398941
376687
888230
913571
11987
909273
115830
135807
170752
403023
486409
259723
599807
938000
118339
423458
716158
390452
880684
507160
729578
289422
896214
686933
502040
894411
679219
656117
723085
956562
981166
917074
827303
100491
71579
85943
933458
941534
915377
54076
545618
235777
400709
733098
639316
573275
544062
551772
91096
924475
408552
26218
64905
160105
457506
286167
490452
623793
242052
263223
591631
874022
360728
143780
567851
737418
226468
961895
765028
804170
736611
810116
540162
534128
376359
785684
512664
576590
136781
243248
315533
575469
51417
573186
227601
673128
917082
209316
231204
919449
986368
460743
950854
766776
697421
271830
720072
49787
268859
878084
830767
40795
243456
200201
565254
17781
703040
733691
390307
135140
431110
976428
704826
251136
734453
58594
778207
589178
706017
703828
384912
223236
289970
808822
422840
584251
248103
691300
586936
33138
356076
345481
783609
81408
245689
759713
764896
173035
557264
263468
351924
297199
208718
346541
442569
777042
42098
972351
213027
702332
729729
409749
129305
585732
635327
342642
560009
445483
16581
122233
158442
639859
878788
424458
307338
110518
737732
977997
809801
914790
555683
405568
457850
676268
723871
511260
563073
761891
602055
677828
59148
989864
463329
451994
625122
546670
718365
11149
531754
296105
528004
886584
150578
673243
657265
184265
703298
980392
712780
692707
818388
479165
560531
100798
401213
852687
740382
906756
926418
947896
430884
70883
766812
424087
626160
763584
598089
655407
609837
209843
5597
554851
318614
507934
362095
356005
623567
118872
731508
619883
864518
901283
941665
422313
120954
9537
588696
952555
136527
421034
561760
496123
299931
667729
491541
256319
923521
135951
658408
349186
349612
196158
901625
335800
400119
878281
797970
99566
913534
35476
583812
387722
873996
674002
190483
875573
6442
774499
85094
597364
929337
116875
124297
35746
519997
726471
805
665374
238838
988478
854878
734347
867145
463420
358912
806525
370051
851791
374933
250394
687478
977838
621523
732473
333134
307402
80380
669120
760332
74515
212763
257342
816235
180842
624852
747566
682737
807196
477437
234181
965138
506997
489772
740811
637262
820056
831565
951684
236628
459124
382477
433922
640316
242322
832488
468177
49318
743119
768373
8450
649966
512911
895702
785216
342079
73754
79729
643228
757959
583075
695080
149079
56583
60816
629180
932375
153545
989250
393129
215554
889881
59299
314508
198568
710209
33162
284669
853221
993532
23397
527763
873066
349385
516169
296581
959452
759594
956090
521114
352875
287604
527520
734451
668984
244165
832481
347799
303930
463169
262008
221332
285248
449228
122118
760751
301090
377129
544644
376248
600069
854243
267956
6392
570784
624929
855214
892840
589046
54950
657950
600857
797098
501690
55569
937770
184927
552730
731589
899331
160310
17882
414561
901498
59057
732782
804707
948033
233750
56352
282519
347342
337357
525074
814334
575712
8528
164718
599802
795986
367551
58232
987304
199818
762639
262200
113821
896086
838109
459274
401350
569628
812462
425274
290231
44699
109473
968215
414220
123035
558804
432479
33396
334901
241403
273065
335429
957704
649992
853642
955846
106361
838174
911789
258230
73954
893271
734587
779934
972773
295590
423451
709112
727075
83109
729013
322040
993345
206826
477850
768979
587354
745474
295423
606731
19842
848057
878173
627894
351762
315756
475159
255567
586217
357210
188748
707458
593038
357274
273945
698367
286034
35290
253637
202263
803061
305832
764638
173828
561902
877287
512787
499073
56581
155314
638072
173663
379301
865044
447052
311317
154941
574944
884252
488344
475862
945966
914458
624134
217619
599312
220205
192001
18960
159639
633421
99027
984201
584288
88694
955433
923578
694341
936402
944228
444536
194823
745702
968603
656732
329897
172545
854720
623712
809760
381101
738821
465494
794332
739204
204476
285949
982238
317175
168458
134906
546934
227071
469537
725919
765712
115986
981757
387079
419429
783163
706759
529672
466208
67879
957645
982515
309569
484619
79665
885917
606734
838732
728559
368667
173706
165424
533440
530870
876848
450124
312660
17699
900154
931789
996846
300440
881041
533721
978152
545098
890441
382677
396994
665179
638334
485501
736688
319901
243067
858299
717074
415048
886543
153927
574842
9157
953466
764334
544901
752906
283883
572523
582245
967801
144518
68881
824861
943981
598827
670867
490746
785833
897679
453681
70047
501066
147331
28189
596486
288262
312686
142930
280802
109204
18297
286607
72413
364886
552894
185635
284223
6704
683214
213156
491737
566929
221314
493490
717049
184548
705235
596380
366381
45478
129201
237726
794965
599688
47155
790687
156156
65591
324145
946579
452221
483540
551079
583644
74513
803754
72049
606468
676251
975081
484189
874037
943468
663908
255369
134552
513961
725703
466985
208209
157177
782497
792108
863012
951242
544510
917650
485161
200074
1012
888883
964988
323997
52377
148725
126829
718167
96149
187525
236241
457680
409544
413067
762072
736892
223880
71249
700530
206128
66533
389050
917263
350295
872694
966124
960135
826295
743307
259897
665155
466965
776201
168712
331612
590527
154776
922709
116623
903005
280771
819029
523605
214868
43543
529078
182502
921613
212022
944674
631142
753567
877123
546308
919944
347751
328054
528668
645990
236883
129021
446150
135887
662906
385890
762719
464685
476758
596552
866807
690086
316305
436161
588996
969530
72283
265178
128427
634561
199274
599372
719476
983924
953307
695431
851781
969468
573677
202532
218528
202781
95454
200539
659463
258556
761411
245934
259715
595965
839914
413378
187355
663847
896490
340696
751990
648912
960071
436507
813427
938548
122842
312
746030
215961
822592
29412
367974
10116
32254
648718
144645
43105
840619
368239
674070
219047
311336
54750
47796
888070
4563
703255
204595
867452
343854
971732
589850
973489
135229
331470
601385
509130
913819
432237
642579
831829
333859
3882
208014
946534
565651
782529
105806
890833
813239
811720
344285
919075
777355
109835
202318
560946
542979
862682
195003
518573
797022
791674
413943
925064
837084
92504
520378
197515
220747
196753
279872
957874
993677
306174
922259
804242
81454
209156
626699
375354
414570
776916
608912
231830
450134
84279
301174
612000
878685
582191
597944
65634
807504
163968
913562
529843
637868
722272
882889
287729
511524
303774
835495
399302
72277
983996
628474
776305
521870
103378
217855
418872
356628
324155
786966
786575
344457
842129
274179
906158
900932
792000
246640
243748
344085
631016
835729
753343
494034
218535
731747
413761
931934
970736
69080
584614
310599
785128
463728
834663
425198
832025
585212
910677
77479
346634
497809
923703
233605
927237
936374
97910
711710
608539
178251
761581
261210
758833
5152
111989
568286
69739
690268
607416
253973
570833
474443
45350
619822
854501
440728
618093
759974
647576
574794
401550
157550
918824
694705
314335
173848
9786
118061
175729
829312
937846
948520
345307
123818
71330
223859
72039
205830
89874
406047
137600
358956
786373
344112
652036
282396
7080
557924
949762
7081
810948
143676
358961
271420
809186
717736
82070
636482
707674
25076
409257
778093
463529
106557
413807
72272
693751
914273
991333
432471
857896
575209
612535
365484
424097
660188
724175
589406
920001
788832
778719
758001
614517
842586
859870
646785
150592
375711
796347
743893
189512
231211
75792
924431
215594
440369
941412
229119
590080
737159
186353
173787
150325
990774
674352
826935
261306
847376
972750
525655
973498
440829
249037
676841
221385
266579
598960
281115
646281
31519
437555
228895
470740
698445
664713
933762
126261
951215
590622
739062
490368
711651
965763
329240
898724
234655
113855
994069
958168
783292
532217
613138
344132
198825
203481
730469
659600
612746
186764
194351
500521
456711
4330
572507
193891
881676
793026
276033
4114
822337
544747
25649
620844
563262
642707
278535
487658
933289
477059
999524
657441
607653
415886
916924
468012
79761
197488
434627
576236
123847
140141
835431
441247
167877
742880
328810
654391
151150
35953
149050
366382
440400
966048
481094
821899
672028
836968
49631
241397
201968
989111
200514
92842
91440
526656
45801
125
213042
962287
945368
408696
521320
720160
108966
281576
724044
9476
147248
401481
910910
867226
437886
649787
729032
68629
380735
226895
45492
822075
629765
271853
625384
222333
998276
102425
804840
600733
645346
447022
472297
54278
866401
202065
989241
405223
327816
323786
216869
487113
859109
539954
663929
124901
946392
579772
367366
383614
251543
657800
813312
995730
801737
750160
459787
204694
859597
539403
771366
131542
317905
713103
865326
800330
952531
266482
967541
379531
953560
153994
279814
822545
530758
860285
126097
641265
435204
533004
169579
418463
795862
930384
855812
615979
868702
586517
665703
372325
831756
279158
368238
799904
846384
124721
517521
763615
768150
849537
843707
871573
230744
403111
711541
744087
526460
501286
481814
140433
54564
768020
716262
838020
144306
165694
533142
611253
897962
473431
557881
121885
324993
266808
424063
831884
764219
545127
198813
416290
941091
479060
668354
839690
143154
643755
418077
342304
948927
29550
71274
118503
750030
543780
790376
13183
125634
68003
283214
77966
281227
454159
554719
940222
426596
5636
334912
510067
331822
383760
805006
802735
120856
705783
329105
990972
691588
2662
573918
208565
325976
600994
404166
908433
33361
635298
349475
158556
463490
664532
598849
290522
90301
928480
517079
888326
381657
299768
447546
886599
106423
798255
339628
420740
753795
571671
308932
701470
587796
30681
834990
544609
803838
237907
555171
565000
46124
319365
884051
17701
712892
283026
859119
936277
472745
433053
899205
961817
688841
809979
808803
495169
232292
934048
955360
780402
17501
89519
606895
916794
775665
739915
850876
345557
438367
800925
862112
80601
198927
592235
608255
235993
346013
252210
881190
460800
590703
996895
964654
351540
811049
743863
52649
732067
150795
447979
521368
284237
178111
691381
875555
626792
841452
282819
598163
957050
821358
433609
783938
923819
76568
430508
312182
509857
845414
586941
59540
933872
991298
612925
371068
621762
842464
598574
841243
672799
135392
696232
412835
50260
533247
753324
476471
202659
423045
708950
697106
797234
755808
540057
539413
821685
985754
218358
55476
297889
444317
746902
741283
968434
777598
276671
981762
229129
253810
990412
873765
350199
945619
233073
826376
568507
817312
446892
635173
989795
621430
959124
802395
673144
283247
108673
460113
350344
955647
758853
447132
133714
762612
187864
148034
614380
207836
216625
337358
189357
307775
653688
521529
690017
656966
509007
867928
796452
618433
401602
19781
354086
616080
99723
757654
479775
556353
843652
60264
399972
340065
257758
485617
402134
13940
423247
736979
999185
919561
135600
374598
193914
942489
830030
501410
414198
52106
13245
5849
324071
416119
488380
239463
317190
634926
142100
833319
941825
897872
422233
736791
618194
321672
460927
507922
905098
577884
371894
362942
802712
742980
500974
858175
973926
696323
134542
364320
968693
253134
249323
267980
365534
792525
484923
759204
887253
716147
233400
21388
802743
888357
768145
805827
744380
697349
589212
191266
127191
779815
641139
456215
809200
410161
308850
129048
227102
978152
460183
740477
971204
35229
796986
508734
723238
184596
878580
700922
912291
293897
36783
593943
226588
694104
453140
572763
236474
269967
406137
237105
382917
759675
369711
696802
1605
922760
157978
499581
67643
863093
221904
953517
703774
997074
92755
703408
400732
764208
431286
217921
987175
429740
398283
251979
489246
678931
98648
839612
528758
500701
938398
378834
463319
120952
121772
521212
667497
53409
498562
316582
483778
706248
552479
848455
591190
615160
842522
717505
748269
33091
985244
23465
81075
708339
338955
17881
818277
197470
159504
867557
413687
579022
496900
544277
742304
94032
19534
666029
419888
670437
729800
938111
504096
469908
129891
528296
648854
234015
268247
768068
760083
129715
77267
17189
569955
1659
537986
456088
676735
16709
407170
820898
742778
213155
424021
270454
4322
766784
708271
575912
832210
901800
104806
62154
467506
56846
557519
238932
375401
819681
379788
347623
591712
633332
59696
622640
763571
413284
405935
323934
19831
59588
755431
762832
174739
138077
595190
394459
975256
337194
81019
8090
635053
575650
609823
202965
787881
185701
821439
896943
603327
358855
777318
496612
537067
356031
63817
333774
839700
856588
167561
883843
778673
182419
594205
755011
50214
589755
182152
356364
930224
397027
334144
612553
727524
857772
955194
746663
46879
424125
894606
411772
303066
765471
265253
761409
793735
96192
196622
831204
782474
183410
180758
712282
595616
969153
852450
76208
123096
249584
16092
976537
607239
826843
738380
172478
139012
532034
969005
754559
331267
583600
9640
369828
239433
426840
754472
978538
24743
130063
190379
108242
979857
284120
430485
644392
726979
741926
151909
450235
326804
288876
190672
326751
753771
504308
431006
968106
988748
649640
639874
365401
679034
201037
24445
896594
733288
588234
569316
599511
618018
233640
44554
110828
142325
71913
499137
251120
290180
926245
80809
698509
588063
355334
206197
71569
750435
282814
360849
601075
464357
526206
140639
463271
7086
469772
497736
438837
692629
959573
598423
480667
516670
849331
756877
404471
514354
124620
758653
848086
679290
978658
749986
322340
624623
500176
469087
440500
290607
244107
320183
618130
33366
397150
879203
291345
421671
164620
104325
671341
877175
690407
122422
786697
895077
486359
58532
390475
130783
546868
473768
954055
135305
118765
23718
985410
225944
328724
992981
723958
288809
393724
56254
243815
812417
134817
139731
706576
814882
531411
539309
353293
314488
114059
213959
786983
172067
547692
66255
797097
360492
749514
81383
879517
356606
396864
666322
965541
628859
547643
558558
565681
809510
541112
82535
694408
732717
634354
429293
163783
686301
845054
915935
984471
178707
995959
918702
168790
312676
849707
815596
578583
286436
989642
153827
385214
192005
719702
785619
786489
335865
280000
126714
362798
827570
176536
14882
957508
405510
248201
751781
253969
106870
160821
381098
270371
684237
543308
154346
838169
563039
517343
278166
930696
529304
146749
673801
455777
450273
652380
35300
412752
854629
588591
219860
636416
168206
309891
321105
768193
187444
537982
832303
931551
115230
57614
657219
837668
850052
219418
206586
68740
497692
736338
284508
188935
689148
422040
697484
856100
304204
771369
11062
820358
683151
560292
173751
551318
160772
178143
616062
472044
723483
29885
640323
975476
897131
541925
639486
846206
915110
822120
272961
498832
441994
445372
919886
965192
775173
448359
181472
485433
241001
549586
517652
438018
866139
266634
944767
271167
830862
301076
701065
526170
244296
406721
426233
889141
173844
335072
474323
518391
111817
719623
999072
453151
815034
209620
933276
954123
100803
276765
556138
923828
554717
26697
325087
992458
639140
53527
771919
824832
58505
835197
896141
820442
144403
519316
46314
986630
902834
97728
243731
961595
985943
900816
211914
948895
266841
255705
226250
568697
940279
856759
573146
888071
446407
265751
802498
475313
160587
409761
58906
23749
978838
139374
517734
452472
690742
673082
778745
807644
794661
68820
72000
383067
969401
235325
456885
382509
607998
581265
589007
408728
92950
768497
833143
733404
419259
854984
466331
94589
862117
254924
793143
255570
44600
536610
663470
740666
954859
708512
285430
516847
2904
160122
632366
135125
655725
891183
771292
440788
342340
800913
720393
796406
319527
723536
299094
579137
652971
858774
947032
175994
669741
211716
553185
503677
391082
837858
375599
902220
40134
835399
404683
826910
669757
560835
659623
113714
499604
984219
53904
330556
78452
467605
488856
364990
117077
585579
445427
440692
688107
883443
938931
998615
663110
889546
29851
911716
82521
385564
230862
218483
677150
527826
910694
939113
818689
916619
859258
560953
465806
849299
188972
540483
445757
503790
306392
261537
560294
398780
230436
855550
744717
371098
13558
263572
940665
819537
144849
959078
556517
119374
90105
887714
712911
204620
692946
210710
519111
380461
269930
536339
441282
794364
31107
504388
970502
116572
773321
152322
98874
961593
299923
808317
801106
705735
453133
574530
170580
947058
944367
875641
578872
870949
850945
212655
883822
80351
540457
905130
675230
37053
756311
288515
525608
663015
466297
214333
421365
396502
571490
118031
819432
580040
91989
969990
811616
586614
142231
333169
497768
68855
251232
585132
911229
737221
203865
903904
631050
410419
959845
72878
20383
184066
22747
883724
235637
87362
564154
331989
776674
378569
877919
172681
215923
292448
382982
481338
184876
354828
674207
6515
94814
300585
172778
253386
899088
792036
683439
133494
771057
304317
146335
768925
885483
964566
637328
571631
901336
316478
54724
64950
630023
495492
457594
81351
116336
31388
939873
228230
932707
877950
8868
470326
234691
555189
313052
108679
586445
383269
587415
401531
228521
866542
456472
93951
257057
544676
829172
348289
470412
465335
234168
543512
52082
813231
665033
384189
501495
631622
36749
97192
756814
664998
458859
825896
476357
389020
324612
286359
971047
631368
941335
729655
343025
731376
111665
590888
947817
681484
970104
30807
736381
832928
88655
920913
260424
792398
585609
21138
649985
608722
544812
885548
703557
494388
331605
944896
947639
329311
634050
84382
715073
651833
226476
504435
946930
684518
533636
654062
473870
510535
398095
122730
705221
746907
108048
50583
960805
625492
379505
201904
938936
59817
450867
114672
267154
179247
42552
174378
746606
992214
329
806878
345
479795
804927
405743
851463
969174
476392
520306
983614
160899
71744
953575
426887
651984
492217
741725
288651
641439
3382
28545
520584
697709
894214
992161
600402
979878
862179
620151
835073
47436
760875
177276
433927
927378
409697
719908
81886
63114
626409
957376
363927
845695
760629
397334
693629
570999
974247
164158
98021
187302
486407
754062
530153
537119
852274
404936
170565
256258
293597
520543
316401
84920
60743
589533
693392
151772
622121
284677
689384
145568
432954
212955
871731
327063
518280
495317
462163
326469
803732
226122
126640
84648
150213
374130
314181
316337
9776
24847
340426
450562
287775
958659
487580
752634
684238
972015
313254
137015
925330
8132
386757
394516
608151
106443
24100
381358
815457
892037
537907
799034
332510
838629
147401
747911
700541
908068
953293
748689
835356
769869
897854
253406
2620
418446
871146
856952
137729
236796
60746
946893
386748
527723
624409
912801
976681
131143
460990
72264
303922
809926
312380
656698
169902
793812
811904
457070
531010
77985
963004
732439
962030
89297
750349
804989
263298
634683
80988
978429
324816
301034
173799
514675
895425
671373
220687
367735
978954
19567
80620
201532
867587
382643
224711
158314
322880
63600
168150
966699
644404
930240
66268
828492
493405
516781
842173
330995
604726
976741
694019
456228
628847
412627
589068
468930
103630
480909
898768
7748
204368
731272
5322
355165
453995
750829
589955
388605
520090
660009
337879
65849
34723
439847
96676
523049
944839
236295
972216
937177
679819
234984
188322
777589
528645
109940
827370
467566
241968
27187
632940
658188
95034
123932
794495
660517
954810
333187
656288
838505
447424
688277
21005
168938
106627
541478
384295
187797
154293
583925
317351
225043
919561
71261
345019
675723
195604
547875
929299
664911
659610
805140
171751
283966
339072
363446
491647
802973
36144
878906
993054
244375
792107
497684
489080
436121
764360
235233
950430
983855
782352
566356
690790
123459
933530
840026
225893
851472
177853
423468
5872
833560
149118
985371
42675
210129
527358
30318
77028
532619
629022
629114
348752
110329
875681
777761
676904
322971
24254
502411
59280
183518
933139
994897
404265
108510
634536
296981
295587
438681
797566
143047
22453
171222
773751
104626
302305
185317
865993
751106
495621
544980
149678
182103
282896
41710
394801
868381
677741
298444
493467
7666
984369
898284
420200
113886
244598
546948
366081
167021
714936
155351
583888
396382
253857
515106
184396
416554
919874
416621
332503
254261
927330
654078
524997
678838
555400
516943
661508
782097
862974
841709
473898
2735
216023
335798
749439
531160
510731
818659
558674
217886
697241
745729
707850
144141
399227
658043
893306
902053
272425
481847
553020
35375
416351
562742
631460
885280
744370
908440
710332
161293
745088
978057
243039
34278
945495
529104
371997
738855
66620
413517
330446
343556
27448
972578
436918
623347
700257
195897
64699
656780
979550
80784
878694
566513
369275
797741
172755
207321
488024
15548
810143
831412
819456
390225
345641
818945
163392
694509
294710
143129
806631
515443
886285
764884
659333
398044
586502
97005
187714
570789
103374
491418
106701
405686
956158
420708
106660
954994
155397
73427
186485
1706
11380
41445
97775
295207
218936
200622
318921
885650
597665
43720
845488
696133
194814
502735
426404
601801
174226
429108
657078
18746
316566
211991
528144
11597
676549
190789
741752
384946
206248
828699
913617
667071
162302
237096
780066
68874
693006
134510
285777
449427
752238
805005
508243
577447
648839
638370
775822
24587
718668
442027
947428
890976
665672
101585
793072
932190
542538
705676
727835
606020
995415
988050
645106
82927
822859
575873
361040
535463
518611
961031
723203
759426
859497
438011
420808
432148
891667
506505
379370
626951
613366
510164
815751
433591
568975
394958
732345
326576
390794
384530
507867
602286
370974
807572
185139
242132
868839
14479
557493
12102
378713
611902
582155
880060
190594
456101
43051
838313
478430
600891
712637
273174
376054
721423
878443
896048
255473
986427
53816
992044
867133
38041
974033
587914
735210
690338
411700
719461
61142
776551
125673
800531
652987
12561
777339
645147
930645
253358
348294
42098
75941
808950
567892
587331
861557
268852
427900
41205
330669
72866
174657
435686
692915
904141
3045
554508
192954
512302
751723
482947
881366
247952
669135
226260
183180
467967
685750
495422
645026
102423
754585
103022
692746
117572
693342
64499
428286
913865
395240
412220
765097
557533
938063
308184
401797
886306
326636
526871
69443
30338
477881
52822
694456
325648
622173
14929
862332
504157
722353
390021
934930
25395
597086
866493
349106
457483
681380
135433
315980
142133
103313
895545
139575
970622
250869
929466
233174
397091
22349
16345
21898
690484
853654
981469
720692
920301
430595
706320
836065
501745
661058
739459
814583
564198
535281
867677
955265
185232
180294
612094
938492
953257
849191
835604
685176
363196
425638
815160
95381
874820
801859
181275
575278
24952
709228
537201
161392
671431
322376
72888
621050
285447
907042
743556
487855
941348
661673
219370
931197
943273
578268
251489
262839
438170
687884
316617
644517
268510
591713
373605
200188
383092
786521
291600
627826
192174
303445
779133
189410
986535
49113
441359
948098
464212
939
793237
974340
158833
145982
657673
772412
114548
783834
835127
270209
431652
70999
974772
16541
356012
2313
560729
835824
310626
961244
423606
383009
11402
87422
991750
712860
392527
698095
731326
530289
568843
359603
812023
407358
329526
741100
856974
904157
824149
698149
934340
574573
892830
469115
683349
997621
758304
562113
531473
359968
523869
365877
438061
341309
300993
648881
183240
226430
463897
661415
798905
182622
526450
934216
346120
772628
765841
647070
313956
393713
21203
678701
110016
514414
74119
428337
948520
636851
294927
350179
595082
135784
10462
596911
536021
623009
463004
925842
787053
254950
459549
27900
21213
896183
484255
876320
192782
342664
963060
60084
461989
550122
498262
673371
240803
229351
868462
870033
562166
524469
240698
96353
384792
449452
676416
814912
518912
286000
523228
718982